2 2510 90 54 3
108 24 -6 0 12 0
0 0 0 1
4 19 2
0 0
96 280 4 9 0 1 0 0 0 8 0 0 0 0
304 264 12 9 0 0 0 1 0 8 19 0 0 0
216 224 9 11 0 0 1 0 0 8 19 21 0 8
248 216 10 11 0 0 0 0 1 8 0 21 8 0
0 0 0 0 0 0 0 0 0 0 0 0 0 0 0 0 0 0 0 
0 0 0 0 0 0 0 0 0 0 1 1 1 1 0 0 0 0 0 
0 0 0 0 0 0 0 0 0 0 1 0 0 0 0 0 0 0 0 
0 0 0 0 0 1 1 1 0 0 0 0 0 0 0 0 0 0 0 
0 0 0 0 0 0 1 0 0 0 0 0 0 0 0 0 0 0 0 
0 0 0 0 0 0 1 1 1 0 0 0 0 0 0 0 0 0 0 
0 0 0 0 0 0 0 0 1 0 0 0 0 0 0 0 1 0 0 
0 0 0 0 0 0 0 0 0 0 0 0 0 0 0 0 1 0 0 
0 0 0 0 0 0 0 0 0 0 0 0 0 0 0 0 1 0 0 
0 0 0 0 0 0 0 0 0 0 0 0 0 0 0 0 2 0 0 
0 0 0 0 0 0 0 0 0 0 0 0 1 0 0 0 1 0 0 
0 0 0 0 0 0 0 0 0 0 0 0 1 0 0 0 1 0 0 
0 0 0 0 0 0 0 0 0 0 0 0 1 0 0 0 1 0 0 
0 1 0 0 0 0 0 1 1 0 0 0 0 0 0 0 0 0 0 
0 2 0 0 0 0 0 0 1 0 0 0 0 0 0 0 0 0 0 
0 1 1 0 0 0 0 0 0 0 0 1 1 1 0 0 0 0 0 
0 0 1 0 1 0 1 0 0 0 0 0 1 0 0 0 0 0 0 
0 1 1 1 1 0 1 1 1 0 1 1 1 0 0 0 0 0 0 
0 1 0 0 0 0 0 0 1 0 1 0 0 0 0 0 0 0 0 
0 1 1 1 1 0 0 0 0 0 0 0 0 0 0 0 0 0 0 
0 0 0 0 0 0 0 0 0 0 0 0 0 0 0 0 0 0 0 
