2 2510 90 56 1
192 264 0 0 0 0
0 1 0 0
8 9 2
1 0
48 360 2 5 0 0 0 1 0 8 8 9 0 0
336 320 14 7 0 0 1 0 0 8 8 9 0 8
384 120 16 15 0 0 0 1 0 8 9 5 0 0
264 216 11 11 0 0 0 0 1 8 8 9 0 0
0 0 0 0 0 0 0 0 0 0 0 0 0 0 0 0 0 0 0 
0 0 0 0 0 0 0 0 0 0 1 1 1 1 1 1 1 1 0 
0 0 0 0 0 0 0 0 0 0 1 0 0 0 1 0 0 1 0 
0 0 0 0 0 0 0 0 0 0 0 0 0 0 0 0 0 0 0 
0 0 0 0 0 0 0 0 0 0 0 0 0 0 1 0 0 0 0 
0 0 0 0 0 0 0 0 0 0 0 0 0 0 0 0 0 0 0 
0 0 0 0 0 0 0 0 0 0 0 0 0 0 0 0 1 0 0 
0 0 0 0 0 0 0 0 0 0 0 0 0 0 0 0 1 0 0 
0 0 0 0 0 0 0 0 0 0 0 0 0 0 0 0 1 0 0 
0 0 0 0 0 0 0 0 0 0 0 0 0 1 0 0 2 0 0 
0 0 0 0 0 0 0 0 0 0 0 0 0 0 0 0 1 0 0 
0 0 0 0 0 0 0 0 0 0 1 1 0 0 0 0 1 0 0 
0 0 0 0 0 0 1 0 0 0 0 0 0 0 0 0 1 0 0 
0 1 0 0 0 1 1 1 1 0 0 0 0 0 0 0 0 0 0 
0 2 0 0 0 0 0 0 1 0 1 0 0 0 1 0 0 0 0 
0 1 1 0 0 1 1 1 1 1 1 1 1 1 1 0 0 0 0 
0 0 1 0 0 0 1 0 0 0 0 0 1 0 1 0 0 0 0 
0 0 0 0 0 0 1 1 1 0 1 1 1 0 0 0 0 0 0 
0 0 0 0 0 0 0 0 1 0 1 0 0 0 0 0 0 0 0 
0 0 0 0 0 0 0 0 0 0 0 0 0 0 0 0 0 0 0 
0 0 0 0 0 0 0 0 0 0 0 0 0 0 0 0 0 0 0 
