2 4336 64 88 3
162 72 -6 0 18 12
0 0 0 1
6 17 3
1 0
48 240 2 10 0 0 1 0 0 6 7 17 0 0
264 120 11 15 0 0 0 0 1 6 7 17 0 0
312 120 13 15 0 0 0 0 1 6 6 17 0 0
192 120 8 15 0 0 0 1 0 6 7 17 0 0
0 0 0 0 0 0 0 0 0 0 0 0 0 0 0 0 0 0 0 
0 1 1 1 1 1 1 1 1 0 1 1 1 1 1 1 1 1 0 
0 1 0 0 1 0 0 0 1 0 1 0 0 0 1 0 0 1 0 
0 0 0 0 0 0 0 1 1 1 1 1 1 1 1 1 1 2 0 
0 0 0 0 1 0 0 0 0 0 0 0 1 0 1 0 0 1 0 
0 0 0 0 0 0 0 0 0 0 1 1 1 0 0 0 0 1 0 
0 0 1 0 0 0 0 0 0 0 1 0 0 0 0 0 0 0 0 
0 0 1 0 0 0 0 0 0 0 0 0 0 0 0 0 0 0 0 
0 0 1 0 0 0 0 0 0 0 0 0 0 0 0 0 0 0 0 
0 0 2 0 0 0 0 0 0 0 0 0 0 0 0 0 0 0 0 
0 0 1 0 1 0 0 0 0 0 0 0 0 0 0 0 0 0 0 
0 0 1 0 1 0 0 0 0 0 0 0 0 0 0 0 0 0 0 
0 0 1 0 1 0 0 0 0 0 0 0 0 0 0 0 0 0 0 
0 0 0 0 0 0 0 1 1 0 1 1 0 0 0 0 0 1 0 
0 0 0 0 1 0 0 0 1 0 1 0 0 0 0 0 0 2 0 
0 0 0 0 1 1 1 1 1 1 1 1 1 1 0 0 1 1 0 
0 0 0 0 1 0 1 0 0 0 0 0 1 0 1 0 1 0 0 
0 0 0 0 0 0 1 0 0 0 1 1 1 0 1 1 1 1 0 
0 0 0 0 0 0 0 0 0 0 1 0 0 0 0 0 0 1 0 
0 0 0 0 0 0 0 0 0 0 0 0 0 0 0 0 0 0 0 
0 0 0 0 0 0 0 0 0 0 0 0 0 0 0 0 0 0 0 
