2 2941 59 86 2
312 120 6 0 0 0
0 0 1 0
13 15 2
0 0
144 272 6 9 1 1 0 0 0 4 9 7 0 0
392 24 16 19 0 0 0 1 0 4 19 0 0 0
336 160 14 14 0 0 1 0 0 4 19 21 0 16
144 296 6 8 1 1 0 0 0 4 9 7 0 0
0 0 0 0 0 0 0 0 0 0 0 0 0 0 0 0 0 0 0 
0 1 1 1 0 0 0 0 0 0 1 1 1 1 1 1 1 1 0 
0 1 0 0 0 0 0 0 0 0 1 0 0 0 1 0 0 1 0 
0 2 0 0 0 0 0 0 0 0 0 0 0 0 1 1 1 2 0 
0 1 0 0 0 0 1 0 0 0 0 0 1 0 1 0 0 1 0 
0 1 0 0 0 0 1 1 1 0 1 1 1 0 1 1 1 1 0 
0 0 0 0 1 0 0 0 1 0 1 0 0 0 1 0 1 0 0 
0 0 0 0 1 0 1 1 1 0 0 0 0 0 1 0 1 0 0 
0 0 0 0 1 0 1 0 0 0 0 0 0 0 1 0 1 0 0 
0 0 0 0 0 0 0 0 0 0 0 0 0 1 1 0 2 0 0 
0 0 0 0 0 0 0 0 0 0 0 0 0 0 1 0 1 0 0 
0 0 0 0 0 0 0 0 0 0 1 1 0 0 1 0 1 0 0 
0 0 0 0 0 0 1 0 0 0 0 0 0 0 1 0 1 0 0 
0 0 0 0 0 1 1 1 1 0 0 0 0 0 0 0 0 0 0 
0 0 0 0 0 0 0 0 1 0 1 0 0 0 1 0 0 0 0 
0 0 0 0 0 0 0 0 0 0 0 0 0 0 1 0 0 0 0 
0 0 0 0 0 0 0 0 0 0 0 0 1 0 1 0 0 0 0 
0 1 0 0 0 0 0 0 0 0 1 1 1 0 0 0 0 0 0 
0 1 0 0 0 0 0 0 0 0 1 0 0 0 0 0 0 0 0 
0 1 1 1 1 1 1 1 0 0 0 0 0 0 0 0 0 0 0 
0 0 0 0 0 0 0 0 0 0 0 0 0 0 0 0 0 0 0 
