3 4347 53 98 1
288 258 0 -6 0 18
0 1 0 0
12 10 3
0 0
288 228 12 11 0 1 0 0 0 4 0 0 0 0
276 312 11 7 1 0 0 0 1 4 9 7 12 0
288 276 12 9 1 1 0 0 0 4 9 7 0 0
288 304 12 8 1 1 0 0 0 4 9 7 0 0
0 0 0 0 0 0 0 0 0 0 0 0 0 0 0 0 0 0 0 
0 1 1 1 1 1 1 1 1 0 1 1 1 1 1 1 1 1 0 
0 1 0 0 1 0 0 0 1 0 1 0 0 0 1 0 0 1 0 
0 0 0 0 0 0 0 1 1 1 1 1 1 1 1 1 1 2 0 
0 0 0 0 1 0 0 0 0 0 0 0 1 0 1 0 0 1 0 
0 0 0 0 0 0 0 0 0 0 1 1 1 0 0 0 0 1 0 
0 0 1 0 0 0 0 0 0 0 1 0 0 0 0 0 0 0 0 
0 0 1 0 0 0 0 0 0 0 0 0 0 0 0 0 0 0 0 
0 0 1 0 0 0 0 0 0 0 0 0 0 0 0 0 0 0 0 
0 0 2 0 0 0 0 0 0 0 0 0 0 0 0 0 0 0 0 
0 0 1 0 1 0 0 0 0 0 0 0 0 0 0 0 0 0 0 
0 0 1 0 1 0 0 0 0 0 0 0 0 0 0 0 0 0 0 
0 0 1 0 1 0 0 0 0 0 0 0 0 0 0 0 0 0 0 
0 0 0 0 0 0 0 1 1 0 1 1 0 0 0 0 0 1 0 
0 0 0 0 1 0 0 0 1 0 1 0 0 0 0 0 0 2 0 
0 0 0 0 1 1 1 1 1 1 1 1 1 1 0 0 1 1 0 
0 0 0 0 1 0 1 0 0 0 0 0 1 0 1 0 1 0 0 
0 0 0 0 0 0 1 1 1 0 1 1 1 0 1 1 1 1 0 
0 0 0 0 0 0 0 0 1 0 1 0 0 0 0 0 0 1 0 
0 0 0 0 0 0 0 0 0 0 0 1 1 1 1 1 1 1 0 
0 0 0 0 0 0 0 0 0 0 0 0 0 0 0 0 0 0 0 
